909
2496.81 -1007.56 23.5188 0
2496.74 -1053.98 23.5188 0
2496.81 -1175.64 23.5188 0
2496.74 -1297.42 23.5188 0
2496.81 -1343.02 23.5188 0
2496.81 -1357.67 23.5188 0
2496.81 -1372.79 23.5188 0
2496.74 -1447.61 23.5188 0
2496.81 -1507.65 23.5047 0
2496.81 -1511.16 23.5047 0
2496.74 -1521.4 23.358 0
2496.74 -1539.83 23.0118 0
2496.81 -1551.11 22.814 0
2496.67 -1574.97 22.4703 0
2496.74 -1598.63 22.1241 0
2496.74 -1665.54 21.4859 0
2496.81 -1680.4 21.4159 0
2496.81 -1784.72 21.4148 0
2496.73 -1861.7 21.4147 1
2496.7 -1942.44 21.485 0
2496.84 -2089.6 21.3822 0
2496.74 -2135.7 21.3786 0
2496.74 -2138.42 21.3786 0
2496.74 -2170.23 21.3589 0
2496.84 -2183.74 20.8537 0
2496.74 -2196.97 20.0145 0
2496.84 -2210.68 18.7558 0
2496.74 -2224.49 17.4971 0
2496.74 -2238.11 16.1036 0
2496.74 -2251.82 14.4253 0
2496.74 -2265.53 12.8869 0
2496.84 -2279.44 11.9778 0
2496.74 -2293.44 11.3484 0
2496.74 -2306.86 10.7012 0
2496.84 -2319.8 10.2592 0
2496.74 -2322.91 10.2592 0
2496.83 -2365.18 10.2592 0
2496.83 -2408.3 10.2592 0
2496.62 -2450.14 10.2592 0
2496.92 -2469.98 10.2592 0
2496.82 -2478.15 10.2592 0
2495.94 -2486.52 10.2592 0
2494.39 -2494.68 10.2592 0
2492.05 -2502.85 10.2592 0
2488.94 -2510.83 10.2592 0
2485.15 -2518.22 10.2592 0
2473.87 -2537.67 10.2592 0
2463.17 -2556.15 10.2592 0
2451.11 -2577.15 10.2592 0
2438.96 -2598.16 10.2592 0
2434.58 -2605.16 10.2592 0
2429.42 -2611.77 10.2592 0
2423.49 -2618.1 10.2592 0
2417.27 -2623.54 10.2592 0
2410.36 -2628.6 10.2592 0
2403.46 -2632.78 10.2592 0
2395.68 -2636.67 10.2592 0
2387.8 -2639.88 10.2592 0
2379.73 -2642.31 10.2592 0
2371.36 -2643.87 10.2592 0
2363.0 -2644.65 10.2592 0
2354.83 -2644.74 10.2592 0
2334.89 -2644.65 10.2592 0
2305.23 -2644.65 10.2592 0
2260.15 -2644.79 10.3074 0
2231.8 -2644.74 10.3074 0
2216.96 -2644.74 10.3074 0
2192.94 -2644.65 10.3074 0
2180.01 -2644.65 10.3074 0
2175.92 -2644.5 10.3074 0
2172.67 -2644.35 10.3074 0
2169.84 -2644.11 10.3074 0
2167.02 -2643.72 10.3074 0
2164.4 -2643.33 10.3074 0
2158.13 -2642.46 10.3074 0
2153.65 -2641.83 10.3074 0
2150.73 -2641.44 10.3074 0
2147.62 -2641.24 10.3074 0
2144.75 -2641.14 10.3074 0
2132.57 -2640.74 10.3074 0
2032.47 -2637.4 10.4963 0
2026.21 -2637.12 10.4963 0
2019.54 -2637.19 10.4963 0
1941.35 -2637.12 10.4963 0
1884.07 -2637.12 10.298 0
1879.87 -2637.12 10.298 0
1875.27 -2637.05 10.298 0
1870.86 -2636.85 10.298 0
1867.08 -2636.57 10.298 0
1862.41 -2636.09 10.298 0
1855.8 -2635.2 10.298 0
1849.34 -2634.03 10.298 0
1842.6 -2632.58 10.298 0
1835.16 -2630.5 10.298 0
1717.05 -2594.46 10.2485 0
1694.33 -2587.55 10.2519 0
1689.99 -2586.31 10.3013 0
1685.43 -2585.08 10.3508 0
1681.41 -2584.2 10.5486 0
1677.01 -2583.29 10.8452 0
1672.8 -2582.64 11.1419 0
1668.13 -2582.0 11.2903 0
1663.99 -2581.54 11.4881 0
1659.91 -2581.15 11.6364 0
1654.53 -2580.9 11.8342 0
1650.0 -2580.77 11.9826 0
1644.37 -2580.9 12.3216 0
1600.0 -2580.89 14.1398 0
1500.1 -2580.86 18.4805 0
1400.16 -2580.79 23.0939 0
1300.16 -2580.79 27.64 0
1288.24 -2580.94 28.1393 0
1284.91 -2580.86 28.2792 0
1282.25 -2580.94 28.4191 0
1278.77 -2580.94 28.4191 0
1275.0 -2580.86 28.489 0
1260.5 -2580.94 28.4576 0
1107.53 -2580.84 28.4576 0
940.07 -2580.86 28.4286 0
848.777 -2580.86 28.4286 0
750.135 -2580.93 28.419 0
717.667 -2580.85 28.419 0
658.277 -2580.85 28.419 0
636.681 -2580.78 28.4119 0
625.883 -2580.93 28.4119 0
615.159 -2580.78 28.4119 0
604.287 -2580.93 28.4818 0
593.489 -2580.85 28.3419 0
582.617 -2580.85 27.9777 0
566.568 -2580.85 27.3629 0
555.104 -2580.93 26.8041 0
544.38 -2581.22 26.1747 0
533.655 -2581.67 25.5453 0
522.931 -2582.41 24.916 0
512.281 -2583.22 24.2866 0
501.483 -2584.33 23.5873 0
490.833 -2585.59 23.0974 0
480.109 -2586.99 22.6778 0
469.458 -2588.55 22.3981 0
458.882 -2590.32 22.2583 0
448.306 -2592.39 22.2583 0
437.803 -2594.54 22.2583 0
427.227 -2596.83 22.2583 0
416.799 -2599.42 22.2559 0
406.371 -2602.16 22.2559 0
401.267 -2603.64 22.2559 0
395.942 -2605.34 22.2559 0
390.987 -2607.11 22.2559 0
380.929 -2610.89 22.2559 0
370.796 -2614.81 22.2559 0
355.634 -2620.43 22.2559 0
345.502 -2624.2 22.2559 0
335.443 -2628.04 22.2559 0
264.59 -2654.52 22.3178 0
255.049 -2657.92 22.3178 0
245.286 -2661.92 22.3178 0
235.82 -2666.73 22.3178 0
226.723 -2672.35 22.3173 0
218.143 -2678.49 22.3173 0
210.304 -2685.44 22.3173 0
202.982 -2693.06 22.3173 0
196.325 -2701.34 22.3173 0
190.482 -2709.99 22.3179 0
187.82 -2714.8 22.3179 0
166.668 -2752.52 22.3179 0
140.338 -2799.49 22.3179 0
113.935 -2846.75 22.3152 0
98.1812 -2875.0 22.3152 0
87.605 -2893.94 22.3152 0
82.7236 -2902.66 22.3152 0
80.135 -2907.47 22.3152 0
77.1027 -2912.13 22.3152 0
73.8485 -2916.57 22.3152 0
70.3724 -2920.93 22.3152 0
66.7483 -2924.93 22.3144 0
62.8285 -2928.92 22.3144 0
58.6867 -2932.62 22.3144 0
54.3971 -2936.17 22.3144 0
50.0335 -2939.42 22.3144 0
45.3001 -2942.46 22.3144 0
40.4187 -2945.27 22.3144 0
35.5374 -2947.71 22.3144 0
30.4342 -2950.07 22.3144 0
25.331 -2952.0 22.3144 0
20.1538 -2953.77 22.3144 0
14.6808 -2955.18 22.3144 0
9.50361 -2956.36 22.3131 0
3.88268 -2957.17 22.3131 0
-1.59039 -2957.69 22.3131 0
-7.28527 -2957.99 22.3131 0
-12.6843 -2957.91 22.3131 0
-18.2313 -2957.47 22.3131 0
-23.7043 -2957.03 22.3131 0
-29.1773 -2956.14 22.3149 0
-34.5764 -2955.03 22.3149 0
-45.0047 -2952.0 22.4138 0
-55.359 -2948.82 22.5127 0
-65.7134 -2945.78 22.76 0
-76.0677 -2942.53 23.0072 0
-85.7818 -2939.16 23.3564 0
-95.8229 -2935.18 23.9498 0
-105.864 -2930.58 24.8398 0
-115.487 -2925.56 26.0266 0
-124.691 -2920.44 27.1639 0
-134.105 -2914.79 28.0543 0
-143.309 -2909.45 28.6477 0
-148.016 -2906.73 28.8455 0
-157.325 -2901.19 29.34 0
-166.738 -2895.65 29.6861 0
-180.782 -2887.55 29.9828 0
-203.974 -2873.79 29.9853 0
-213.178 -2868.45 29.9853 0
-223.01 -2862.39 29.9853 0
-232.005 -2856.21 29.9853 0
-240.686 -2849.42 29.9853 0
-248.949 -2842.3 29.984 0
-256.689 -2834.77 29.984 0
-264.22 -2826.72 29.984 0
-271.019 -2818.35 29.984 0
-277.608 -2809.36 29.984 0
-280.641 -2804.76 29.984 0
-286.603 -2795.66 29.986 0
-292.565 -2786.87 29.986 0
-298.632 -2777.87 29.986 0
-304.698 -2768.88 29.986 0
-310.764 -2759.78 30.0355 0
-316.622 -2750.99 30.0355 0
-322.584 -2742.0 29.986 0
-328.336 -2733.42 29.986 0
-334.194 -2725.68 29.986 0
-340.678 -2718.05 29.9867 0
-347.372 -2710.83 30.0362 0
-354.589 -2703.82 30.0362 0
-362.224 -2697.13 30.0362 0
-370.697 -2690.64 30.0856 0
-379.273 -2684.37 30.0362 0
-388.582 -2678.51 30.0856 0
-398.205 -2672.97 30.035 0
-408.141 -2667.95 29.9855 0
-418.496 -2663.34 29.9855 0
-429.374 -2659.16 29.9855 0
-440.566 -2655.5 30.035 0
-446.134 -2653.96 29.9857 0
-451.573 -2652.28 29.8868 0
-462.032 -2649.67 29.8868 0
-472.282 -2647.16 29.6896 0
-482.846 -2645.07 29.4918 0
-493.515 -2643.39 29.294 0
-504.079 -2642.14 29.2446 0
-514.852 -2641.3 29.1457 0
-525.416 -2640.88 28.9974 0
-536.19 -2640.99 28.8491 0
-546.963 -2641.51 28.6513 0
-557.631 -2642.45 28.503 0
-568.196 -2643.81 28.3546 0
-578.76 -2645.59 28.1033 0
-589.219 -2647.89 27.955 0
-599.574 -2650.72 27.9055 0
-609.824 -2653.75 27.7572 0
-619.865 -2657.2 27.5594 0
-629.802 -2661.28 27.3122 0
-639.634 -2665.67 27.2627 0
-649.047 -2670.17 27.0155 0
-658.565 -2675.4 26.9166 0
-667.769 -2681.05 26.7682 0
-676.765 -2686.91 26.5704 0
-685.446 -2693.08 26.3727 0
-693.709 -2699.77 26.2244 0
-701.972 -2706.67 26.0266 0
-709.712 -2713.89 25.9277 0
-717.556 -2721.32 25.7794 0
-733.245 -2736.17 25.3838 0
-745.064 -2747.26 25.0871 0
-756.779 -2758.34 24.7393 0
-768.703 -2769.54 24.3932 0
-777.07 -2777.17 24.0965 0
-785.438 -2784.28 23.8987 0
-794.328 -2790.56 23.6515 0
-803.742 -2796.21 23.5526 0
-813.678 -2801.02 23.305 0
-823.719 -2805.1 23.1567 0
-834.493 -2808.44 22.9095 0
-845.266 -2810.95 22.7117 0
-856.039 -2812.63 22.5139 0
-867.021 -2813.36 22.3165 0
-878.004 -2813.26 22.1187 0
-888.986 -2812.42 21.9209 0
-899.76 -2810.64 21.6242 0
-910.428 -2808.03 21.4758 0
-920.887 -2804.58 21.3275 0
-930.929 -2800.5 21.132 0
-940.865 -2795.58 20.9342 0
-950.279 -2789.72 20.7859 0
-976.846 -2771.1 20.0442 0
-1007.7 -2749.45 19.4019 0
-1051.84 -2718.39 18.314 0
-1091.69 -2690.36 17.8146 0
-1126.83 -2665.67 16.8781 0
-1140.33 -2656.16 16.3342 0
-1153.4 -2646.95 15.5925 0
-1162.4 -2640.89 15.098 0
-1171.6 -2635.24 14.4057 0
-1181.01 -2629.9 13.7102 0
-1190.43 -2625.09 12.9191 0
-1200.16 -2620.28 12.0784 0
-1209.99 -2615.89 11.2378 0
-1220.03 -2611.63 10.3972 0
-1229.96 -2607.85 9.5566 0
-1240.01 -2604.17 8.80888 0
-1250.32 -2600.93 8.16606 0
-1260.53 -2598.11 7.62213 0
-1270.86 -2595.39 7.0782 0
-1281.43 -2592.98 6.68261 0
-1292.09 -2590.89 6.28703 0
-1302.55 -2589.14 5.94151 0
-1313.12 -2587.65 5.69427 0
-1323.89 -2586.6 5.54592 0
-1334.66 -2585.76 5.34613 0
-1366.55 -2583.8 4.95255 0
-1436.6 -2579.33 4.97156 0
-1447.47 -2578.3 4.97156 0
-1458.34 -2576.97 4.97399 0
-1468.99 -2575.34 4.97399 0
-1479.64 -2573.27 4.97399 0
-1490.29 -2570.9 4.97399 0
-1500.87 -2568.17 5.04392 0
-1511.37 -2565.06 5.04392 0
-1516.47 -2563.43 5.11385 0
-1521.6 -2561.68 5.11385 0
-1531.75 -2558.02 5.18083 0
-1536.98 -2555.93 5.25076 0
-1541.79 -2553.94 5.25076 0
-1546.81 -2551.75 5.39062 0
-1551.73 -2549.24 5.39062 0
-1556.64 -2546.73 5.46055 0
-1561.47 -2543.95 5.53048 0
-1566.06 -2541.08 5.53048 0
-1570.55 -2538.04 5.67034 0
-1575.05 -2534.7 5.74027 0
-1579.34 -2531.35 5.88014 0
-1583.52 -2527.79 5.95007 0
-1587.5 -2524.24 5.88013 0
-1591.47 -2520.47 6.01999 0
-1595.34 -2516.71 6.08992 0
-1599.21 -2512.84 6.22978 0
-1602.98 -2509.18 6.30145 0
-1633.94 -2479.16 6.93082 0
-1668.77 -2445.27 7.70005 0
-1703.7 -2411.27 8.32821 0
-1730.79 -2384.92 8.67786 0
-1738.74 -2377.39 8.74779 0
-1746.38 -2369.96 8.81772 0
-1754.22 -2362.32 8.81772 0
-1765.73 -2351.03 8.90416 0
-1850.66 -2268.29 8.90416 0
-1928.16 -2193.09 8.90588 0
-2001.8 -2121.44 8.90588 0
-2059.74 -2064.75 8.80869 0
-2067.48 -2057.33 8.80869 0
-2078.88 -2045.93 8.80869 0
-2090.28 -2034.21 8.80869 0
-2097.81 -2026.57 8.80869 0
-2105.24 -2018.63 8.80869 0
-2112.67 -2010.68 8.80869 0
-2120.09 -2002.83 8.80869 0
-2127.31 -1994.67 8.80869 0
-2134.63 -1986.72 8.80869 0
-2141.64 -1978.67 8.80869 0
-2148.75 -1970.51 8.80869 0
-2155.86 -1962.25 8.80869 0
-2162.87 -1953.99 8.80869 0
-2169.67 -1945.83 8.80869 0
-2176.78 -1937.15 8.80869 0
-2183.58 -1928.88 8.80906 0
-2190.17 -1920.52 8.80906 0
-2196.97 -1912.04 8.80906 0
-2203.56 -1903.47 8.80906 0
-2210.25 -1894.89 8.80906 0
-2216.59 -1886.25 8.80906 0
-2216.59 -1886.25 8.80906 0
-2223.25 -1877.52 8.80906 0
-2229.6 -1868.95 8.80906 0
-2235.88 -1860.27 8.80906 0
-2242.26 -1851.27 8.80906 0
-2248.43 -1842.49 8.80906 0
-2254.71 -1833.6 8.80906 0
-2260.77 -1824.6 8.80906 0
-2266.73 -1815.71 8.80906 0
-2272.8 -1806.72 8.80906 0
-2278.66 -1797.72 8.80906 0
-2284.62 -1788.62 8.80906 0
-2290.27 -1779.42 8.80906 0
-2296.02 -1770.0 8.80906 0
-2301.88 -1760.9 8.80906 0
-2307.52 -1751.7 8.80906 0
-2312.96 -1742.5 8.83347 0
-2329.28 -1714.57 8.83347 0
-2351.24 -1677.33 8.83347 0
-2370.28 -1644.8 8.83347 0
-2389.52 -1612.17 8.83347 0
-2400.51 -1593.45 8.83347 0
-2414.0 -1570.33 8.83347 0
-2427.8 -1547.01 8.83347 0
-2444.22 -1519.08 8.83347 0
-2463.36 -1486.45 8.83347 0
-2479.78 -1458.52 8.83347 0
-2496.2 -1430.49 8.83347 0
-2509.95 -1407.24 8.83347 0
-2520.9 -1388.61 8.83347 0
-2526.37 -1379.36 8.83347 0
-2529.03 -1374.7 8.83347 0
-2531.77 -1370.19 8.83347 0
-2534.58 -1365.24 8.83347 0
-2537.54 -1360.95 8.83347 0
-2540.87 -1356.66 8.83347 0
-2544.12 -1352.51 8.83347 0
-2547.82 -1348.59 8.83347 0
-2551.44 -1344.82 8.83347 0
-2555.36 -1341.27 8.83347 0
-2559.36 -1338.02 8.83347 0
-2563.57 -1334.84 8.83347 0
-2567.94 -1331.73 8.83347 0
-2572.6 -1329.07 8.83347 0
-2577.18 -1326.55 8.83347 0
-2582.04 -1324.2 8.83347 0
-2591.87 -1319.6 8.83347 0
-2630.99 -1301.51 8.83347 0
-2670.11 -1283.57 8.85649 0
-2675.27 -1281.14 8.85649 0
-2679.93 -1278.77 8.85649 0
-2684.96 -1276.11 8.85649 0
-2689.69 -1273.52 8.85649 0
-2694.28 -1270.71 8.85649 0
-2699.01 -1267.75 8.85649 0
-2703.52 -1264.87 8.85649 0
-2708.11 -1261.91 8.85649 0
-2712.62 -1258.73 8.85649 0
-2716.76 -1255.4 8.85649 0
-2721.13 -1252.0 8.85649 0
-2725.34 -1248.45 8.85649 0
-2729.41 -1244.9 8.85649 0
-2733.62 -1241.2 8.85649 0
-2737.4 -1237.58 8.85649 0
-2741.32 -1233.8 8.85649 0
-2745.16 -1229.81 8.85649 0
-2748.79 -1225.89 8.85649 0
-2752.49 -1221.82 8.85649 0
-2755.96 -1217.61 8.85649 0
-2759.44 -1213.24 8.85649 0
-2762.77 -1208.88 8.85649 0
-2765.95 -1204.52 8.85649 0
-2769.05 -1200.08 8.85649 0
-2772.01 -1195.64 8.85649 0
-2774.97 -1190.91 8.85649 0
-2777.85 -1186.32 8.85649 0
-2780.52 -1181.59 8.85649 0
-2783.11 -1176.71 8.85649 0
-2785.62 -1171.82 8.85649 0
-2787.99 -1166.94 8.85649 0
-2790.28 -1161.99 8.85649 0
-2792.43 -1156.96 8.85649 0
-2794.5 -1151.93 8.85649 0
-2796.35 -1146.9 8.85649 0
-2798.27 -1141.65 8.85649 0
-2799.9 -1136.47 8.85649 0
-2801.52 -1131.22 8.85649 0
-2802.93 -1126.04 8.85649 0
-2804.26 -1120.79 8.85649 0
-2805.52 -1115.25 8.85649 0
-2806.54 -1110.07 8.85649 0
-2807.54 -1104.73 8.85649 0
-2808.42 -1099.26 8.85649 0
-2809.16 -1093.94 8.85649 0
-2809.75 -1088.54 8.85649 0
-2810.2 -1083.14 8.85649 0
-2810.57 -1077.59 8.85649 0
-2810.79 -1072.27 8.85649 0
-2810.86 -1066.65 8.85649 0
-2810.94 -1061.32 8.85649 0
-2810.79 -1055.92 8.85649 0
-2810.57 -1050.37 8.85649 0
-2810.12 -1045.05 8.85649 0
-2809.68 -1039.43 8.85649 0
-2809.01 -1034.18 8.85649 0
-2808.35 -1028.78 8.85649 0
-2807.46 -1023.31 8.85649 0
-2806.43 -1017.98 8.85649 0
-2805.24 -1012.66 8.85649 0
-2804.06 -1007.26 8.85649 0
-2802.65 -1002.0 8.85649 0
-2801.18 -996.754 8.85649 0
-2799.73 -991.569 8.85649 0
-2798.06 -986.339 8.85649 0
-2796.23 -981.313 8.85693 0
-2788.82 -961.088 8.90637 0
-2779.59 -935.754 9.00998 0
-2770.35 -910.237 9.25722 0
-2759.31 -879.914 9.80255 0
-2748.31 -849.59 10.5443 0
-2738.99 -824.074 11.2353 0
-2729.81 -798.853 11.9276 0
-2720.49 -773.263 12.7194 0
-2709.44 -742.791 13.6589 0
-2700.24 -717.583 14.3125 0
-2689.03 -686.893 15.0817 0
-2679.86 -661.673 15.5595 0
-2670.54 -636.231 15.9184 0
-2668.69 -631.128 15.9883 0
-2666.92 -626.172 16.0233 0
-2665.29 -621.291 16.1281 0
-2663.89 -616.114 16.0582 0
-2662.92 -611.158 16.1281 0
-2662.11 -605.907 16.1631 0
-2661.67 -600.508 16.0931 0
-2661.65 -595.331 16.1281 0
-2661.74 -590.08 16.0931 0
-2661.96 -584.607 16.1631 0
-2662.33 -579.355 16.1277 0
-2662.78 -574.104 16.3025 0
-2663.37 -568.705 16.2676 0
-2664.03 -563.602 16.3025 0
-2664.83 -558.27 16.4074 0
-2665.59 -552.804 16.5473 0
-2666.4 -547.479 16.6522 0
-2667.14 -542.08 16.7963 0
-2667.81 -536.902 16.9362 0
-2670.02 -520.853 17.3907 0
-2672.24 -504.73 17.8661 0
-2674.54 -488.828 18.4721 0
-2676.75 -472.705 19.1382 0
-2678.9 -457.1 19.7676 0
-2681.19 -441.272 20.574 0
-2683.56 -425.223 21.2034 0
-2685.85 -409.026 21.5545 0
-2688.07 -392.976 21.5195 0
-2689.85 -377.149 21.3424 0
-2691.7 -360.878 20.9229 0
-2692.21 -355.478 20.6788 0
-2693.77 -339.281 19.9445 0
-2694.28 -333.882 19.6298 0
-2694.73 -328.409 19.42 0
-2695.17 -323.01 19.1054 0
-2695.47 -317.611 18.8234 0
-2695.76 -312.212 18.4737 0
-2696.13 -306.739 18.194 0
-2696.41 -301.34 17.8443 0
-2696.5 -295.94 17.5996 0
-2696.57 -288.216 17.1101 0
-2696.36 -270.748 15.9829 0
-2696.39 -254.366 15.0434 0
-2696.39 -238.169 14.1519 0
-2696.39 -222.046 13.4349 0
-2696.46 -205.775 12.8191 0
-2696.39 -194.903 12.6213 0
-2696.46 -189.578 12.5224 0
-2696.45 -165.103 12.2994 0
-2696.49 -134.429 11.487 0
-2696.46 -114.969 11.0729 0
-2696.48 -79.5785 10.4561 0
-2696.47 -60.3886 10.1953 0
-2696.55 -42.5393 10.0433 0
-2696.48 -12.6499 10.0 0
-2696.45 9.26755 10.0 0
-2696.52 50.3406 10.0 0
-2696.48 99.2601 10.0 0
-2696.49 133.072 10.0 0
-2696.47 173.507 10.0 0
-2696.45 209.873 10.0 0
-2696.51 244.64 10.0 0
-2696.52 273.257 10.0 0
-2696.37 302.819 10.0 0
-2695.57 328.284 10.0 0
-2694.58 348.113 10.0023 0
-2693.03 367.918 10.003 0
-2690.79 389.727 10.0127 0
-2688.51 407.422 10.0234 0
-2685.28 427.933 10.0347 0
-2681.98 445.237 10.0564 0
-2679.02 458.66 10.0727 0
-2674.82 475.536 10.0887 0
-2669.6 493.747 10.1105 0
-2662.39 515.347 10.1436 0
-2653.57 537.574 10.1708 0
-2645.52 555.354 10.2089 0
-2637.28 571.713 10.2402 0
-2630.1 584.306 10.2683 0
-2622.84 596.251 10.2734 0
-2614.09 609.645 10.2685 0
-2603.62 624.451 10.2402 0
-2592.98 638.182 10.184 0
-2580.32 653.469 10.1048 0
-2567.5 667.767 10.0127 0
-2553.52 682.502 9.92709 0
-2534.93 700.892 9.83384 0
-2514.01 720.288 9.77239 0
-2500.98 731.911 9.7834 0
-2477.54 752.32 9.83831 0
-2453.29 772.979 9.88085 0
-2417.91 802.802 9.92453 0
-2392.46 824.627 9.93873 0
-2373.02 841.657 9.96603 0
-2350.84 861.326 10.0 0
-2332.92 877.865 10.0 0
-2311.88 897.654 10.0 0
-2298.53 910.758 10.0 0
-2283.54 925.767 10.0 0
-2270.79 938.724 10.0 0
-2258.42 951.787 10.0 0
-2243.4 968.384 10.0 0
-2230.41 982.949 10.0 0
-2214.69 1001.6 10.0 0
-2200.07 1019.66 10.0 0
-2183.25 1041.97 9.97885 0
-2168.5 1062.78 10.0 0
-2154.99 1083.33 9.98995 0
-2143.41 1102.24 9.98995 0
-2134.94 1117.13 9.97447 0
-2127.09 1131.64 9.97687 0
-2120.1 1145.22 9.9592 0
-2111.72 1162.79 9.97774 0
-2100.72 1187.41 10.0026 0
-2090.84 1211.17 9.9783 0
-2060.76 1279.56 10.2091 0
-2023.73 1363.88 10.7304 0
-1985.98 1449.85 11.1649 0
-1947.44 1537.48 11.1649 0
-1914.95 1611.44 11.1983 0
-1878.44 1694.54 11.2008 0
-1823.25 1820.19 11.1923 0
-1758.59 1967.33 11.2024 0
-1713.55 2069.84 11.2032 0
-1675.92 2155.99 11.1996 0
-1664.02 2182.75 11.1984 0
-1652.46 2206.54 11.1802 0
-1637.57 2234.7 11.1577 0
-1623.15 2260.32 11.1359 0
-1602.6 2292.61 11.1108 0
-1586.66 2316.43 11.0909 0
-1568.62 2342.33 11.063 0
-1551.39 2365.19 11.048 0
-1533.48 2388.31 11.0254 0
-1516.46 2409.21 11.013 0
-1499.39 2429.43 10.9859 0
-1482.91 2448.32 10.9653 0
-1463.63 2469.32 10.9443 0
-1442.13 2491.91 10.9179 0
-1419.82 2514.37 10.8943 0
-1398.06 2535.02 10.8733 0
-1383.24 2548.68 10.8567 0
-1366.82 2563.03 10.8385 0
-1351.42 2576.37 10.8174 0
-1335.46 2589.35 10.8056 0
-1319.08 2602.61 10.7949 0
-1303.2 2614.59 10.7774 0
-1285.8 2627.1 10.7567 0
-1267.11 2640.21 10.7372 0
-1248.91 2652.31 10.7217 0
-1229.09 2664.37 10.7015 0
-1205.49 2677.84 10.6801 0
-1184.26 2688.76 10.6635 0
-1161.67 2699.57 10.6394 0
-1144.0 2706.86 10.63 0
-1120.74 2715.1 10.63 0
-1104.64 2720.39 10.63 0
-1085.72 2726.41 10.63 0
-1059.51 2734.0 10.8036 0
-1030.59 2741.87 10.63 0
-997.582 2749.62 10.63 0
-970.81 2755.33 10.63 0
-945.788 2760.02 10.63 0
-921.157 2764.02 10.63 0
-892.551 2768.07 10.63 0
-864.765 2771.4 10.63 0
-839.399 2773.83 10.63 0
-811.859 2775.7 10.63 0
-780.249 2777.26 10.63 0
-750.866 2777.91 10.63 0
-711.554 2777.92 10.63 0
-610.807 2777.92 10.63 0
-471.923 2777.92 10.63 0
-323.426 2777.92 10.63 0
-160.681 2777.92 10.63 0
-30.0662 2777.92 10.63 0
85.7661 2777.92 10.63 0
214.95 2777.85 10.63 0
296.742 2777.85 10.63 0
494.728 2777.85 10.6316 0
621.481 2777.85 10.6316 0
782.447 2777.85 10.6316 0
891.234 2777.85 10.8384 0
979.796 2777.85 11.0067 0
1041.82 2777.85 11.0 0
1070.26 2777.87 11.0503 0
1091.8 2776.98 11.0503 0
1107.79 2775.62 11.0503 0
1127.41 2773.43 11.0668 0
1144.57 2770.97 11.0981 0
1160.29 2768.1 11.0981 0
1184.63 2762.97 11.1396 0
1200.97 2758.87 11.1396 0
1221.6 2753.07 11.1843 0
1240.16 2747.22 11.217 0
1262.57 2739.3 11.2558 0
1277.1 2733.58 11.2824 0
1288.93 2728.8 11.3179 0
1306.62 2720.74 11.3614 0
1323.32 2712.98 11.3992 0
1342.16 2703.18 11.4329 0
1355.31 2695.94 11.4667 0
1369.66 2687.47 11.5092 0
1382.43 2679.52 11.5388 0
1399.67 2668.18 11.5853 0
1412.04 2659.37 11.6232 0
1423.91 2650.58 11.6568 0
1439.16 2638.39 11.6947 0
1452.47 2627.12 11.7409 0
1463.04 2617.71 11.7745 0
1471.06 2610.01 11.7954 0
1480.38 2600.89 11.8208 0
1490.58 2590.14 11.8522 0
1500.03 2579.69 11.8522 0
1513.01 2564.27 11.9259 0
1524.73 2549.2 11.9647 0
1535.71 2533.53 12.0027 0
1544.83 2519.45 12.0362 0
1554.23 2503.55 12.0675 0
1560.61 2491.91 12.0809 0
1565.36 2482.35 12.104 0
1571.68 2468.6 12.1275 0
1576.95 2456.13 12.1451 0
1583.2 2439.39 12.1698 0
1589.77 2418.62 12.2056 0
1594.09 2402.22 12.2056 0
1597.41 2387.12 12.243 0
1600.08 2372.25 12.243 0
1602.46 2354.04 12.243 0
1603.85 2338.72 12.243 0
1604.43 2326.82 12.243 0
1604.75 2308.7 12.243 0
1604.74 2282.36 12.243 0
1604.75 2254.0 12.243 0
1604.75 2227.77 12.243 0
1604.75 2200.42 12.243 0
1604.75 2174.89 12.243 0
1604.75 2151.89 12.243 0
1604.73 2121.1 12.243 0
1604.64 2102.65 12.243 0
1603.81 2089.42 12.2764 0
1602.32 2076.28 12.3239 0
1599.75 2060.2 12.4313 0
1596.36 2045.28 12.549 0
1593.09 2033.57 12.6751 0
1589.33 2022.34 12.788 0
1585.87 2013.23 12.9101 0
1580.98 2001.91 13.0688 0
1576.33 1992.43 13.2247 0
1569.54 1980.11 13.4411 0
1562.99 1969.62 13.6353 0
1557.36 1961.41 13.7976 0
1549.56 1951.04 14.0262 0
1540.0 1939.57 14.2767 0
1528.9 1927.75 14.5844 0
1520.15 1919.24 14.7957 0
1506.63 1907.22 15.1008 0
1494.53 1897.72 15.3799 0
1483.83 1889.92 15.5948 0
1468.07 1879.46 15.8975 0
1454.84 1871.47 16.138 0
1439.76 1863.16 16.3847 0
1416.95 1851.8 16.6764 0
1397.77 1843.34 16.8821 0
1377.05 1835.22 17.0605 0
1353.57 1827.03 17.1784 0
1336.18 1821.6 17.2283 0
1316.16 1815.82 17.2283 0
1295.84 1810.19 17.2283 0
1271.91 1802.46 17.2283 0
1251.34 1794.99 17.2283 0
1233.76 1787.82 17.2283 0
1218.1 1780.71 17.2283 0
1201.64 1772.53 17.2283 0
1187.05 1764.52 17.2283 0
1176.46 1758.28 17.2283 0
1156.13 1744.78 17.2283 0
1135.54 1729.24 17.2283 0
1121.13 1716.37 17.2283 0
1109.38 1704.91 17.2283 0
1098.69 1693.04 17.2283 0
1088.82 1680.96 17.2283 0
1078.47 1666.68 17.2283 0
1070.07 1653.46 17.2283 0
1062.29 1639.61 17.2283 0
1054.21 1622.94 17.2283 0
1047.97 1607.62 17.2283 0
1041.69 1589.35 17.234 0
1036.6 1570.78 17.234 0
1033.02 1553.59 17.234 0
1030.66 1539.55 17.234 0
1028.82 1523.38 17.234 0
1027.59 1505.93 17.234 0
1026.61 1489.9 17.234 0
1025.73 1473.4 17.234 0
1024.48 1447.05 17.234 0
1023.3 1415.7 17.234 0
1022.08 1378.99 17.234 0
1021.48 1357.35 17.234 0
1020.96 1337.92 17.234 0
1020.23 1315.45 17.234 0
1019.65 1296.86 17.234 0
1018.98 1277.94 17.234 0
1018.3 1261.44 17.234 0
1017.44 1242.62 17.234 0
1016.07 1219.04 17.234 0
1014.56 1197.15 17.234 0
1012.61 1174.82 17.234 0
1010.56 1155.14 17.234 0
1007.71 1133.28 17.234 0
1004.21 1110.09 17.234 0
1000.63 1088.76 17.234 0
996.043 1064.03 17.234 0
991.781 1043.21 17.234 0
986.705 1020.19 17.234 0
981.221 997.744 17.234 0
974.615 972.967 17.234 0
967.26 948.321 17.234 0
960.87 928.362 17.232 0
954.69 910.426 17.2096 0
949.539 896.185 17.151 0
943.96 880.859 17.0031 0
934.25 857.334 16.5213 0
922.164 829.742 15.9574 0
913.354 806.834 15.282 0
909.2 793.247 15.0 0
906.324 779.063 14.3249 0
906.065 763.935 13.9522 0
908.73 744.573 13.6232 0
909.367 715.109 13.6232 0
909.297 678.709 13.6958 0
908.973 645.544 13.6958 0
908.98 548.409 13.6221 0
909.321 500.324 13.59 0
909.349 454.806 13.6573 0
908.359 440.149 13.65 0
906.99 429.454 13.6751 0
905.874 420.759 13.9787 0
906.275 411.198 14.2695 0
909.44 394.761 14.8825 0
916.392 373.518 15.5895 0
925.419 351.614 16.1679 0
936.696 330.278 16.6595 0
949.624 310.025 16.9898 0
968.256 285.262 17.2716 0
985.708 267.083 17.572 0
1006.7 248.117 17.7008 0
1045.39 217.085 17.852 0
1097.82 174.086 19.1777 0
1145.35 135.107 22.3344 0
1180.76 109.723 23.0027 0
1222.49 81.9781 23.2166 0
1262.01 56.832 23.4393 0
1290.04 38.3859 23.5163 0
1553.48 -147.407 23.5171 0
1573.53 -162.075 23.2191 0
1610.31 -188.829 21.3131 0
1652.37 -218.679 18.9839 0
1688.0 -242.348 17.4201 0
1715.55 -259.956 16.6454 0
1744.83 -278.539 14.8187 0
1778.61 -299.859 13.1546 0
1808.66 -318.412 12.4587 0
1836.98 -334.682 11.9923 0
1870.55 -353.443 11.575 0
1895.21 -367.035 11.5082 0
1915.22 -377.854 11.4851 0
1935.03 -388.459 11.528 0
1958.27 -400.706 11.7674 0
1981.83 -413.051 12.1884 0
2002.57 -425.771 12.8271 0
2028.96 -444.071 13.6891 0
2056.96 -465.438 14.6695 0
2078.64 -483.514 15.4518 0
2099.05 -502.78 16.1717 0
2114.73 -520.064 16.6679 0
2129.4 -538.844 17.0357 0
2148.48 -566.257 17.5335 0
2168.6 -597.329 18.4968 0
2188.92 -627.627 20.1354 0
2206.77 -650.093 21.5476 0
2218.2 -661.967 22.0 0
2233.43 -675.257 22.5154 0
2252.86 -689.511 22.9322 0
2272.78 -702.488 23.0501 0
2292.33 -714.06 23.0872 0
2310.1 -724.339 23.0955 0
2334.76 -739.038 23.1218 0
2358.99 -754.555 23.1921 0
2378.16 -768.014 23.1899 0
2395.53 -781.647 23.2364 0
2408.59 -792.998 23.2521 0
2426.02 -810.344 23.2992 0
2439.36 -825.897 23.2889 0
2452.71 -844.378 23.3432 0
2464.06 -863.551 23.3434 0
2474.42 -885.597 23.4047 0
2482.77 -908.866 23.4346 0
2488.02 -928.609 23.4348 0
2492.63 -952.244 23.5209 0
2495.15 -973.14 23.4908 0
2496.44 -993.41 23.5121 0
